-0.26529775591972404
1.1816650610638224
-1.35698902690678
0.5504708765511815
2.181317262949877
0.7358638720424899
0.24702925569290451
-2.870171146418341
2.6512366932565268
-0.42499503067917244
0.3797138394481791
-0.7153058490560604
0.844014574695444
-0.15024125863305188
1.2627260911331981
0.6467243206260341
1.7967211767845226
-0.01887124359657232
0.016800264380512204
-0.6833000395230837
1.3131421667521588
1.5792461580150698
0.31167934559851285
0.31302012043369143
0.8840323445356428
-0.7472946415989393
1.227838811988069
-0.03956963695539649
-0.45678272565850736
-0.05447723800479466
0.5164939929992508
-0.9595639364752766
1.5994895275003929
-0.2835707687922342
-1.0231684875408955
-0.29608976102216644
1.275803262898201
0.4923760583832146
0.15328878523462647
0.3501709408698902
1.3741195147188934
0.6843059453891953
0.019656284584372304
1.0226033377410209
-1.351171995335905
0.18917389699262513
0.9323937617505841
1.4734791420260038
-0.5417123520824964
0.8419777395164566
0.2143025298978353
1.4334496575267561
0.8964845761235124
-0.2026900171299033
0.5277160006199737
-0.7687131287250629
-2.4602353915241615
0.07464084099953919
1.3991141764492625
-0.38140122631048695
0.17213778889917777
-1.1555991085896515
0.3137437278999667
-0.7246809026700406
-0.11876719867782909
1.0209696960430787
0.6348931768024612
1.4719263814000882
0.1696476469171141
1.588055935289879
0.9941814446688079
-0.8654494052341402
1.1081594321215147
-1.813974235725414
0.42277809416438766
1.2393849690890912
0.7353676978918913
-1.4304894016902854
-1.6258126546813922
1.1314844957992496
-2.7383830733900583
1.8076077546686327
-0.3574847482234729
-1.3364251603646007
1.2374552570440949
-0.5768191708154561
0.29147010749875496
-0.8008340348897297
-2.0569381701843374
0.5647863321011292
-0.2655605599732518
1.241678861324337
-0.8755929088593205
0.24240332938549602
0.9117743552505924
-0.6200123573638576
0.008143484055576472
-0.342749270438159
0.7368440691001218
0.1583630976897318
