-0.10639466148506549
-0.35834767499035425
0.6784467713459057
0.343953730388044
-0.2238839087901523
2.120006064969439
3.12272343016505
0.15833296761120452
1.9866288035115511
0.8456200162738945
0.3737878134570731
1.6874773303548312
-0.025679529658015676
0.48383372641366285
2.7722650027354963
-0.33569384486582865
1.2089763847520825
1.6913766548226838
0.42968467185187864
1.9818837287582851
1.102987031842503
0.37617512857488133
0.5916604022499273
-0.4108702371785522
1.8103412899026745
0.6213145047435745
3.0159681559288543
0.9340741661390262
0.9742289270771631
1.8317156869124753
2.210621635452577
0.804957286093936
-0.06744202911029351
-0.05486586941341409
0.48499201436270334
2.8481814098600395
-0.9559643265214455
2.466887689667109
0.9736782814555841
1.86433959042979
1.3772228137519018
0.7154585463144625
2.3997419374038236
1.0636607746259787
0.4377022136667643
0.7448700001122112
1.090166644679083
1.0582057525930761
1.1315905420116876
0.3539154276602008
0.7816916730402163
2.302336640221429
1.8398402712870667
1.0988517637399748
2.3981347658448566
-0.5528288301779656
-0.474036131554354
0.5699919461931846
0.1977092698581363
0.7907630192505523
0.35769299758166995
1.260147480038588
0.461146949304584
-0.7000268333921427
3.589278467712362
2.2568825042123892
1.2969555905586763
0.7357893752037934
1.446745729812621
2.471157654436435
1.7782448881430943
0.5075295712492944
-0.020342095307771535
2.566673451293628
0.8022109483203324
0.32596210129859804
1.9165311516276469
1.1212811899994464
1.1385468859491492
2.079123749196115
2.780701808229896
3.1312248294806344
2.3432946449569814
-0.22595750584087693
2.3083948880803034
0.8133883556476593
3.0616229806931705
2.0757929738498397
2.5784520333189307
2.8404185839109237
-1.2072864032312296
0.8445736510394849
1.153587969992051
-0.006307101738826981
1.723349316506853
0.11952414558034641
2.724478945814324
1.4050917738929098
3.9066107309454083
1.929083547382385
