0.9111142167124366
1.072723891379216
0.4417468022597014
0.9777469687067513
1.2616982597194237
0.5961578116020081
0.20169281276421885
0.4095294939412331
2.204323023127568
1.5651391209933365
-0.4560488544526867
0.08037398862842676
0.10738359039752976
-0.08439012761902065
-0.024960570489583223
-0.21673765658597843
0.29238174239957165
-2.3071256427355555
0.8767770261639625
1.056533432750379
0.8901003514221737
0.7438277681342511
0.9029392086151315
2.442141134859216
0.6704582169380221
-0.7429628827010837
1.454067957728265
-0.6218787177142069
-0.05015100366316383
0.415242736662662
0.16797772831719782
-1.232129370389054
-0.5105419032313601
-0.32668575616583995
0.6959466515363704
-1.7834324728312811
0.5659248914795837
1.2485689103878173
1.4538389460236114
-0.2158563794430458
-0.17489376491863629
-0.9164547554066909
0.15015555512300122
0.6033566552719054
0.43159997131158534
-1.0585313960647402
0.34245358875976667
1.4596067505965293
-1.278858212332748
-0.7661392677599004
-1.1621010227465187
2.102821575495846
-0.7512927161993221
1.047138275648195
-2.3933901895393257
0.2875115993235525
0.6774557776152518
1.070615415939956
0.4793345788331835
0.7490676796996807
0.07623571061206275
0.9991972062650147
-1.0002224401883768
0.7770220359436892
-0.3874245712121328
-1.3770524795727601
-0.5813871506243231
1.4781716318915945
-0.15804164538144683
2.3731384478048474
0.3545703514140752
0.18273426079699912
-0.9631214609262322
-1.3317894187815607
1.016624811027981
1.6907902073870622
0.23306156008853302
-0.2902173493324902
2.2439801048373194
0.9028312271889655
1.2925119816569484
-0.8649703988062445
0.7105150992694863
-0.8539543323831751
-0.5249998611954774
0.5140401785127148
-0.3732035413736632
1.7249149013245517
1.75600203550847
0.7899143827278536
0.03258585651182
-0.34323009699198903
1.6137854433047745
-0.4927639103727669
1.7323923346334376
1.781387031403937
0.7913008548850883
-0.7591476190281818
-0.793135228206048
1.4337823756212549
