-2.4497928482396896
0.7863091982208998
-1.2117830214916068
-3.3983424561440003
-1.2396279377739778
-1.8968950882116289
1.2436686998477646
-1.2767954781210988
-2.1192642722000103
-2.061704044218099
-1.9796868754513703
2.3851731760990194
-0.5327923038533955
0.3974325557822507
-1.6462849035068943
0.6458072368364907
-1.3104598459971437
-0.19219076242320854
-0.9962924003776791
-1.575707223056487
-0.7353758720891455
-1.5347683481364733
-1.7208211966466591
-0.9177495367637188
-2.004787078748011
1.3913299954850036
1.3583879504481766
-1.1300011631892004
-2.2898733615714035
-2.026166045745467
-1.3454045675726647
-0.9145980785766914
-0.4428559157353874
-1.6039278888037827
-2.57513225770212
-3.069570408968227
-3.28727536940613
0.7214080067601394
-2.3791766212246848
0.3666666213850738
-3.0113218097066463
-1.3899702392024613
-0.9190839881952689
-1.7832083301931951
-2.204286226241604
-2.768350213180238
1.375775919820291
-1.9242281027667816
-0.1692369844222793
-1.2607624661141656
-1.4028489139719271
-1.2238032143314417
-1.340281743788892
0.13332999939727475
-0.3347464382528933
-1.6405048244879636
-0.790783609242962
0.269826920254169
-3.1023194927274096
-1.519982296806863
-0.3261305418938233
0.18784717317259592
-0.733645466520816
-2.354587547372122
-1.293642113717185
-0.8577049815794475
-1.2761612015845356
-0.16392456207574868
-0.9847887782302218
-1.467581801910434
0.28602562811181054
-1.432848067004383
0.0703385694552392
-1.7017288178158445
-0.014281742578552525
-2.340818419987885
-0.8092080782585418
-0.31919098158522485
0.7689054639663402
-2.4695928324232526
-1.6538028477438833
1.7906235141803468
-1.527877534595943
-0.8067851524865015
-1.288287409901165
-0.8789336145647209
-1.5468284065079922
-1.0896681851241001
-0.6545716184218648
0.9033382507375589
-1.9304412699905154
-1.4481348204387643
-2.1231317599532753
-0.4931715588856036
-0.4754677024255234
-0.00589138425471436
-0.48159870833700735
-0.7260416558110399
-1.3248706759312978
0.46336737346014223
