0.3236482946098036
-1.0075174989918567
0.5908142294432333
0.128273205146627
-2.05472084326938
-1.827260410474385
1.1725748459187344
-0.3543702422640643
-0.8317205906613145
-1.903753500392533
-0.17756789307889365
0.577051509963884
1.6725566681226645
1.6541993406075237
-2.6918729891750366
-0.6705437665786282
-0.45349208018486964
1.0244600976409644
-1.0434682135988285
-0.23065770800730762
-0.9410119615971149
-0.4269718414993838
1.653406784793495
-1.387822090035431
-0.4648107378143139
-0.8244270893254562
-2.505138617811966
0.3600848353537638
1.2583063761202755
-1.5531480043119974
0.0008706684275797683
-0.8776751671679015
-0.43605919033158347
0.25144412249996373
-1.0477546916311071
-2.3882006049328464
0.17293921337669316
-0.9625893448010305
-0.6830087127363783
0.9501349016051575
-0.17932435496331495
0.8650021963771917
-0.914566888503384
0.5623785020634657
-0.9139124141315158
0.9729284105895006
-1.4987890867939546
-1.1532059140473505
0.956446607798602
0.22160919169204996
-1.2815430157337255
0.6493828866450957
0.04881940857938305
-0.8361003374952254
0.1939291399508215
-1.4586488093245804
-0.7917698373943202
-1.8086145580271864
0.8288106092634642
-1.670799407066458
0.3375515066917474
0.6979893755392736
0.6138423690733588
-1.2071903993518762
0.6809120707631318
0.19081790764690687
-1.271612491621885
1.059005699372362
-0.40053996752445165
0.40481668760648293
0.2031374947793506
-1.039171187032713
-1.4544490118626694
-1.9816615575394907
-0.4974420642720277
0.8330945627716169
-0.32310435632571766
0.1844007034711912
-0.9256535026386742
-0.8931203146871358
-0.7824079111009565
0.16192235053749682
-0.5936325451998995
0.04149724563631296
-2.9300258378360056
-1.5486288576459184
-1.5497972601664642
-1.6861127116300225
-0.9802761731777223
-1.1631337827212045
-2.1691248248375574
0.9560588213042409
1.0627120709284776
1.0829819148448705
1.1536382574397794
-0.35476177022229416
1.2913549842954815
-0.7766427782493578
-0.23381209443063283
0.5469258545737816
